"""pressione -1 lista 
frequenza -1 lista  
""" "ENTRAMBI -1 LISTA"
